9.124145931159018952e-01 8.584293244861729288e-02
1.919390873279517296e+00 2.864774613310077100e+00
2.335296664080268592e-01 5.633237730050281167e-01
2.704879461717788924e+00 2.914109869874574876e+00
2.685089950758039468e+00 2.206364200497195505e+00
3.796431886364682873e-01 3.375000382269208732e-01
2.519308373197299833e+00 3.151173411083985965e+00
1.307330009502244428e-01 5.919356257249699382e-01
4.144619939571149159e-01 4.423574770980032156e-01
1.948823988953932718e-01 2.866520538882644242e-02
2.114928882913218899e+00 2.306787784966673804e+00
4.112525755848037701e-01 5.869985358000856523e-01
2.397610087786839816e+00 2.244503109812638009e+00
2.348353869822460638e+00 2.830703179740540421e+00
6.121362664362482997e-01 4.314624666001585229e-01
4.033855965045235470e-01 1.482600489194890736e-01
2.141791467300904195e+00 2.812849922662912672e+00
1.957516595478943522e+00 3.097616344596666238e+00
4.527760367348485637e-01 7.985599467050947808e-01
2.512023714908778071e+00 2.587133674815916162e+00
